20
364
316
188
180
234
130
146
406
288
388
296
86
58
0
186
184
28
154
488
46
20
494
132
68
258
170
462
240
138
220
490
256
392
12
464
438
372
108
394
210
378
20
488
214
314
256
238
104
110
166
154
26
200
480
338
48
318
384
160
148
350
300
20
48
234
278
456
46
10
300
494
82
104
96
432
100
376
420
496
418
88
112
44
20
138
132
16
122
474
28
226
216
222
298
242
112
344
200
100
460
348
146
32
488
20
442
286
476
174
348
52
352
210
250
284
486
290
426
496
338
180
294
390
480
434
20
202
364
228
298
196
398
26
270
190
446
308
324
354
184
434
360
294
96
420
166
20
128
274
26
184
58
374
10
360
392
312
382
484
170
86
166
412
450
146
34
280
20
400
202
346
458
160
308
240
34
232
278
388
354
380
454
492
302
294
48
452
80
20
272
10
298
256
196
444
494
288
474
448
64
490
118
128
368
348
14
174
446
150
