100
9999163
390548
1403870
8248729
4461642
1281246
9999996
6865010
7551991
2360890
9
6704676
5
1221469
9999931
6716541
1507483
5094841
9999973
2196613
928009
3410821
1264969
11
9999972
12
592432
13
1481717
8184167
5103067
6
2295773
8460583
9999161
9999991
5331653
3
2
3910981
4572049
3702389
983469
9971849
9309119
10000000
9999997
10
8291470
559513
7762723
4461641
7
4751053
2044523
9999998
86293
8763892
5462959
4461643
9999999
9999971
9999162
3855409
3929879
6697461
9516811
8873129
3132736
9010879
1
4936439
3023326
1862603
615403
7203246
8697851
4
8
9999929
9299449
3191803
9987391
7783893
140839
5001361
6537523
3877633
3323191
5388168
4170220
4046177
9325574
2610613
1144
9999995
6463741
3949061
9999930
8237213
